0 1
0 2
0 3
0 4
0 12
0 14
0 15
0 23
0 24
0 25
0 26
0 27
0 28
0 33
0 34
0 35
0 36
0 37
0 39
0 40
0 43
0 44
0 45
0 50
0 51
0 52
0 55
0 56
0 57
0 61
0 62
0 71
0 73
0 74
0 75
0 79
0 80
0 81
0 82
0 83
0 87
0 88
0 89
0 93
0 96
1 2
1 3
1 4
1 12
1 13
1 14
1 15
1 24
1 25
1 26
1 28
1 33
1 34
1 35
1 36
1 37
1 38
1 39
1 40
1 43
1 44
1 45
1 48
1 51
1 55
1 56
1 57
1 61
1 62
1 71
1 72
1 73
1 75
1 79
1 80
1 81
1 82
1 83
1 87
1 88
1 96
2 3
2 12
2 13
2 14
2 15
2 23
2 24
2 25
2 26
2 27
2 28
2 33
2 34
2 35
2 36
2 37
2 38
2 39
2 40
2 43
2 45
2 48
2 50
2 51
2 52
2 55
2 56
2 57
2 61
2 62
2 71
2 72
2 73
2 74
2 75
2 79
2 80
2 81
2 82
2 83
2 87
2 88
2 89
2 96
3 12
3 13
3 14
3 23
3 24
3 25
3 26
3 28
3 33
3 34
3 35
3 37
3 39
3 40
3 43
3 44
3 45
3 48
3 51
3 52
3 55
3 56
3 57
3 61
3 62
3 71
3 72
3 73
3 74
3 75
3 80
3 81
3 82
3 83
3 87
3 88
3 89
3 93
3 96
4 12
4 13
4 14
4 22
4 23
4 24
4 26
4 27
4 28
4 35
4 36
4 37
4 38
4 40
4 43
4 45
4 48
4 50
4 51
4 52
4 55
4 57
4 61
4 62
4 71
4 72
4 73
4 74
4 75
4 79
4 80
4 81
4 82
4 83
4 87
4 88
4 89
4 93
4 96
5 12
5 13
5 14
5 22
5 23
5 24
5 25
5 26
5 27
5 28
5 33
5 34
5 35
5 36
5 37
5 38
5 39
5 40
5 43
5 44
5 45
5 48
5 50
5 51
5 55
5 56
5 57
5 61
5 62
5 71
5 72
5 73
5 74
5 79
5 81
5 82
5 83
5 87
5 88
5 96
6 12
6 13
6 14
6 22
6 23
6 24
6 25
6 26
6 27
6 28
6 33
6 34
6 35
6 36
6 37
6 38
6 39
6 40
6 43
6 44
6 45
6 48
6 50
6 51
6 55
6 56
6 57
6 61
6 62
6 72
6 75
6 79
6 80
6 81
6 82
6 87
6 88
6 89
6 96
7 11
7 13
7 14
7 22
7 24
7 25
7 26
7 27
7 28
7 33
7 34
7 35
7 36
7 37
7 38
7 40
7 43
7 44
7 45
7 48
7 50
7 51
7 52
7 55
7 56
7 57
7 61
7 71
7 72
7 73
7 74
7 75
7 79
7 80
7 81
7 82
7 83
7 87
7 88
7 89
7 96
8 11
8 13
8 14
8 23
8 24
8 25
8 26
8 27
8 28
8 34
8 35
8 36
8 37
8 38
8 39
8 43
8 44
8 45
8 48
8 50
8 55
8 56
8 57
8 71
8 72
8 73
8 74
8 75
8 79
8 80
8 81
8 82
8 83
8 88
8 89
8 96
9 11
9 12
9 13
9 14
9 23
9 24
9 25
9 26
9 27
9 28
9 33
9 34
9 36
9 37
9 38
9 43
9 44
9 45
9 48
9 50
9 51
9 55
9 56
9 57
9 61
9 71
9 72
9 73
9 75
9 79
9 80
9 81
9 82
9 83
9 87
9 88
9 89
9 96
10 11
10 12
10 13
10 14
10 22
10 23
10 24
10 25
10 26
10 27
10 28
10 33
10 34
10 35
10 36
10 37
10 38
10 39
10 40
10 43
10 44
10 45
10 50
10 55
10 56
10 57
10 61
10 71
10 72
10 73
10 74
10 75
10 79
10 80
10 82
10 83
10 87
10 89
10 95
11 12
11 14
11 22
11 23
11 24
11 26
11 27
11 28
11 33
11 34
11 35
11 37
11 39
11 40
11 43
11 44
11 50
11 51
11 55
11 56
11 57
11 61
11 71
11 72
11 73
11 74
11 75
11 79
11 80
11 81
11 82
11 83
11 87
11 88
11 89
11 95
11 96
12 13
12 14
12 22
12 23
12 24
12 26
12 27
12 33
12 34
12 35
12 37
12 38
12 39
12 40
12 43
12 44
12 45
12 50
12 51
12 55
12 56
12 57
12 61
12 71
12 72
12 73
12 74
12 75
12 79
12 80
12 81
12 82
12 83
12 87
12 88
12 89
12 95
12 96
13 14
13 22
13 24
13 25
13 26
13 27
13 28
13 33
13 34
13 35
13 36
13 37
13 38
13 39
13 43
13 45
13 50
13 55
13 56
13 57
13 61
13 72
13 73
13 74
13 75
13 79
13 80
13 81
13 82
13 83
13 87
13 88
13 89
13 95
13 96
14 22
14 23
14 24
14 25
14 26
14 27
14 28
14 33
14 34
14 35
14 36
14 37
14 38
14 39
14 40
14 43
14 45
14 50
14 51
14 55
14 56
14 57
14 61
14 71
14 72
14 73
14 74
14 75
14 79
14 80
14 81
14 82
14 83
14 87
14 88
14 89
14 95
14 96
15 22
15 25
15 26
15 27
15 28
15 33
15 34
15 35
15 36
15 37
15 38
15 40
15 43
15 44
15 45
15 50
15 55
15 56
15 61
15 71
15 73
15 74
15 75
15 79
15 80
15 81
15 82
15 83
15 87
15 88
15 95
16 23
16 24
16 25
16 27
16 33
16 34
16 35
16 36
16 37
16 40
16 43
16 44
16 45
16 50
16 51
16 55
16 56
16 57
16 61
16 71
16 73
16 74
16 75
16 79
16 80
16 81
16 82
16 83
16 87
16 88
16 89
16 95
17 23
17 24
17 25
17 27
17 28
17 33
17 34
17 35
17 36
17 37
17 38
17 39
17 40
17 43
17 45
17 47
17 50
17 51
17 55
17 56
17 57
17 61
17 71
17 73
17 75
17 79
17 81
17 82
17 83
17 87
17 88
17 89
17 95
17 96
18 23
18 24
18 25
18 27
18 28
18 33
18 34
18 35
18 36
18 37
18 38
18 39
18 40
18 43
18 44
18 45
18 47
18 50
18 55
18 56
18 57
18 61
18 73
18 74
18 75
18 79
18 80
18 81
18 82
18 83
18 87
18 88
18 95
18 96
19 22
19 23
19 24
19 25
19 27
19 28
19 33
19 34
19 35
19 38
19 39
19 40
19 43
19 44
19 45
19 47
19 50
19 51
19 55
19 56
19 57
19 61
19 72
19 73
19 74
19 79
19 80
19 82
19 83
19 87
19 88
19 89
19 95
19 96
20 22
20 23
20 25
20 27
20 28
20 33
20 34
20 37
20 38
20 39
20 40
20 43
20 44
20 47
20 50
20 56
20 61
20 71
20 72
20 73
20 74
20 75
20 79
20 83
20 88
20 89
20 95
20 96
21 22
21 23
21 24
21 25
21 27
21 28
21 33
21 34
21 35
21 36
21 37
21 38
21 39
21 40
21 43
21 44
21 45
21 47
21 48
21 51
21 55
21 56
21 71
21 73
21 74
21 75
21 79
21 80
21 81
21 83
21 88
21 89
21 95
21 96
22 23
22 24
22 25
22 27
22 28
22 33
22 34
22 35
22 36
22 37
22 38
22 40
22 43
22 44
22 45
22 47
22 48
22 50
22 51
22 55
22 56
22 71
22 72
22 73
22 74
22 75
22 79
22 80
22 81
22 82
22 88
22 89
22 95
22 96
23 24
23 25
23 27
23 28
23 33
23 34
23 35
23 36
23 37
23 39
23 40
23 43
23 44
23 47
23 50
23 51
23 56
23 71
23 72
23 73
23 74
23 75
23 79
23 80
23 81
23 82
23 83
23 87
23 88
23 89
23 95
23 96
24 25
24 26
24 27
24 33
24 34
24 35
24 36
24 37
24 38
24 39
24 40
24 43
24 44
24 47
24 48
24 50
24 51
24 55
24 56
24 71
24 72
24 73
24 74
24 75
24 79
24 80
24 81
24 82
24 83
24 88
24 89
24 95
25 26
25 27
25 33
25 34
25 35
25 36
25 37
25 38
25 39
25 40
25 43
25 45
25 47
25 49
25 50
25 51
25 55
25 56
25 61
25 72
25 73
25 74
25 75
25 79
25 80
25 81
25 82
25 83
25 87
25 88
25 89
25 95
25 96
26 33
26 34
26 35
26 36
26 38
26 39
26 43
26 44
26 45
26 49
26 50
26 55
26 56
26 61
26 71
26 72
26 74
26 75
26 79
26 80
26 81
26 82
26 83
26 87
26 88
26 95
26 96
27 32
27 33
27 34
27 35
27 37
27 38
27 39
27 43
27 44
27 45
27 47
27 48
27 49
27 50
27 51
27 55
27 56
27 61
27 71
27 72
27 73
27 75
27 81
27 82
27 83
27 87
27 88
27 89
27 95
27 96
28 32
28 33
28 34
28 35
28 36
28 37
28 38
28 43
28 44
28 45
28 47
28 48
28 49
28 50
28 51
28 55
28 56
28 61
28 71
28 72
28 73
28 74
28 75
28 79
28 80
28 81
28 82
28 83
28 87
28 88
28 89
28 95
28 96
29 32
29 33
29 34
29 35
29 36
29 37
29 38
29 39
29 43
29 44
29 45
29 47
29 48
29 49
29 50
29 51
29 56
29 61
29 71
29 72
29 73
29 74
29 75
29 79
29 80
29 81
29 82
29 83
29 88
29 89
29 92
29 95
29 96
30 32
30 33
30 34
30 35
30 37
30 38
30 43
30 44
30 45
30 47
30 48
30 49
30 50
30 51
30 55
30 56
30 61
30 71
30 72
30 73
30 74
30 75
30 80
30 81
30 82
30 83
30 87
30 88
30 89
30 92
30 95
30 96
31 32
31 33
31 34
31 36
31 37
31 39
31 43
31 44
31 45
31 48
31 50
31 51
31 55
31 56
31 61
31 71
31 72
31 73
31 74
31 75
31 79
31 80
31 81
31 82
31 83
31 87
31 88
31 89
31 92
31 95
31 96
32 33
32 34
32 36
32 37
32 38
32 39
32 43
32 45
32 47
32 49
32 51
32 55
32 56
32 61
32 72
32 73
32 74
32 75
32 79
32 80
32 81
32 82
32 83
32 87
32 88
32 89
32 92
32 95
32 96
33 34
33 35
33 36
33 38
33 39
33 43
33 44
33 45
33 47
33 48
33 49
33 50
33 55
33 56
33 61
33 71
33 72
33 73
33 74
33 75
33 79
33 80
33 81
33 82
33 83
33 87
33 88
33 89
33 92
33 95
33 96
34 35
34 36
34 37
34 39
34 43
34 44
34 45
34 47
34 49
34 50
34 51
34 55
34 56
34 61
34 71
34 73
34 75
34 79
34 80
34 81
34 83
34 87
34 88
34 89
34 92
34 95
34 96
35 36
35 37
35 38
35 39
35 45
35 47
35 49
35 50
35 51
35 55
35 56
35 61
35 71
35 72
35 73
35 74
35 75
35 79
35 80
35 81
35 82
35 83
35 87
35 88
35 92
35 95
35 96
36 37
36 39
36 43
36 44
36 45
36 47
36 49
36 50
36 55
36 56
36 61
36 71
36 72
36 73
36 74
36 75
36 80
36 81
36 82
36 83
36 87
36 88
36 89
36 92
36 95
36 96
37 39
37 43
37 44
37 45
37 47
37 49
37 50
37 55
37 56
37 61
37 71
37 72
37 73
37 74
37 79
37 81
37 82
37 83
37 87
37 88
37 89
37 92
37 95
37 96
38 39
38 43
38 44
38 47
38 49
38 50
38 56
38 61
38 72
38 73
38 74
38 79
38 80
38 81
38 83
38 87
38 88
38 89
38 92
38 95
38 96
39 42
39 43
39 45
39 47
39 49
39 50
39 56
39 61
39 71
39 72
39 74
39 79
39 80
39 81
39 82
39 87
39 88
39 89
39 92
39 95
39 96
40 42
40 43
40 44
40 45
40 47
40 49
40 50
40 55
40 56
40 61
40 71
40 72
40 73
40 74
40 79
40 80
40 81
40 82
40 83
40 87
40 88
40 89
40 92
40 95
40 96
41 42
41 43
41 44
41 45
41 47
41 49
41 50
41 61
41 71
41 72
41 73
41 74
41 79
41 80
41 81
41 82
41 83
41 87
41 88
41 89
41 92
41 96
42 43
42 44
42 45
42 47
42 49
42 50
42 56
42 61
42 71
42 72
42 73
42 74
42 78
42 79
42 80
42 82
42 83
42 87
42 88
42 92
42 95
43 44
43 45
43 47
43 49
43 50
43 54
43 55
43 56
43 61
43 71
43 72
43 73
43 74
43 79
43 80
43 81
43 82
43 83
43 87
43 92
44 49
44 50
44 54
44 56
44 61
44 71
44 72
44 73
44 74
44 78
44 79
44 80
44 81
44 82
44 87
44 92
44 95
45 47
45 49
45 50
45 55
45 56
45 61
45 71
45 72
45 73
45 74
45 79
45 80
45 81
45 82
45 83
45 87
45 88
45 92
45 95
46 47
46 49
46 50
46 54
46 55
46 56
46 61
46 72
46 73
46 74
46 78
46 79
46 80
46 81
46 82
46 83
46 87
46 92
46 95
47 49
47 50
47 54
47 55
47 56
47 61
47 71
47 72
47 74
47 78
47 79
47 81
47 82
47 83
47 87
47 88
47 92
47 95
48 49
48 50
48 51
48 54
48 55
48 56
48 61
48 72
48 73
48 78
48 79
48 81
48 82
48 87
48 88
48 92
48 95
49 50
49 51
49 54
49 55
49 56
49 61
49 70
49 71
49 72
49 73
49 74
49 78
49 79
49 80
49 81
49 82
49 87
49 88
49 92
50 51
50 54
50 55
50 61
50 70
50 71
50 72
50 73
50 74
50 78
50 79
50 80
50 81
50 82
50 87
50 92
50 95
51 54
51 55
51 56
51 61
51 70
51 71
51 72
51 73
51 74
51 78
51 79
51 80
51 81
51 82
51 87
51 88
51 92
51 95
52 54
52 55
52 56
52 61
52 70
52 72
52 73
52 78
52 79
52 80
52 81
52 87
52 88
52 92
52 95
53 54
53 55
53 56
53 61
53 70
53 71
53 72
53 73
53 74
53 78
53 79
53 80
53 81
53 82
53 87
53 88
53 92
54 55
54 56
54 61
54 70
54 72
54 73
54 74
54 78
54 80
54 81
54 82
54 87
54 88
54 92
54 95
55 56
55 61
55 70
55 71
55 72
55 73
55 74
55 78
55 79
55 81
55 87
55 88
55 95
56 61
56 70
56 71
56 72
56 74
56 78
56 79
56 80
56 81
56 82
56 87
56 88
56 92
56 95
57 61
57 70
57 71
57 72
57 74
57 78
57 79
57 80
57 81
57 82
57 87
57 88
57 92
57 95
58 60
58 61
58 70
58 71
58 72
58 73
58 74
58 78
58 79
58 80
58 81
58 82
58 87
58 88
58 92
59 60
59 61
59 71
59 72
59 73
59 74
59 78
59 80
59 82
59 87
59 88
59 92
59 95
60 61
60 70
60 71
60 72
60 73
60 74
60 78
60 79
60 81
60 82
60 87
60 88
60 95
61 70
61 71
61 72
61 73
61 74
61 78
61 79
61 80
61 81
61 82
61 87
61 88
61 92
61 95
62 70
62 71
62 72
62 73
62 74
62 78
62 79
62 80
62 81
62 82
62 87
62 88
62 92
62 95
63 70
63 71
63 73
63 74
63 78
63 79
63 80
63 81
63 82
63 86
63 87
63 88
63 92
63 95
64 70
64 71
64 72
64 73
64 78
64 79
64 80
64 81
64 82
64 86
64 88
64 92
64 95
65 70
65 71
65 72
65 74
65 78
65 79
65 80
65 81
65 82
65 86
65 87
65 88
65 92
65 95
66 70
66 71
66 72
66 73
66 74
66 78
66 79
66 81
66 82
66 86
66 87
66 88
66 92
66 95
67 70
67 72
67 73
67 74
67 78
67 79
67 80
67 81
67 82
67 86
67 87
67 88
67 92
67 95
68 70
68 72
68 73
68 74
68 78
68 79
68 80
68 81
68 82
68 86
68 87
68 88
68 92
68 95
69 70
69 72
69 73
69 78
69 79
69 80
69 81
69 82
69 86
69 87
69 88
69 95
70 72
70 73
70 74
70 79
70 82
70 86
70 87
70 88
70 92
70 95
71 72
71 73
71 74
71 78
71 79
71 81
71 82
71 86
71 87
71 88
71 92
71 95
72 73
72 74
72 78
72 79
72 80
72 81
72 82
72 86
72 87
72 88
72 92
73 74
73 78
73 79
73 81
73 82
73 86
73 87
73 88
73 95
74 78
74 79
74 80
74 81
74 82
74 86
74 87
74 88
74 92
74 95
75 78
75 79
75 80
75 81
75 87
75 88
75 95
76 78
76 79
76 80
76 81
76 82
76 86
76 88
76 92
77 78
77 79
77 80
77 81
77 82
77 86
77 87
77 88
77 92
77 95
78 79
78 80
78 86
78 87
78 88
78 92
78 95
79 80
79 81
79 82
79 86
79 87
79 88
79 92
79 95
80 82
80 86
80 87
80 88
80 92
80 95
81 82
81 86
81 87
81 88
81 92
81 95
82 87
82 88
82 92
82 95
83 86
83 87
83 92
83 95
84 86
84 88
84 92
84 95
85 86
85 88
85 92
85 95
86 87
86 88
86 92
86 95
87 88
87 92
87 95
88 92
88 95
89 95
90 92
90 95
91 92
91 95
93 95
94 95
