0 1
0 2
0 98
1 98
2 98
3 4
3 5
3 98
4 98
5 98
6 7
6 8
6 98
7 98
8 98
9 10
9 11
9 98
10 98
11 98
12 13
12 14
12 98
13 98
14 98
15 16
15 17
15 98
16 98
17 98
18 19
18 20
18 98
19 98
20 98
21 22
21 23
21 98
22 98
23 98
24 25
24 26
24 98
25 98
26 98
27 28
27 29
27 98
28 98
29 98
30 31
30 32
30 98
31 98
32 98
33 34
33 35
33 98
34 98
35 98
36 37
36 38
36 98
37 98
38 98
39 40
39 41
39 98
40 98
41 98
42 43
42 44
42 98
43 98
44 98
45 46
45 47
45 98
46 98
47 98
48 49
48 50
48 98
49 98
50 51
50 99
51 52
51 99
52 99
53 54
53 99
54 55
54 99
55 99
56 57
56 99
57 58
57 99
58 99
59 60
59 99
60 61
60 99
61 99
62 63
62 99
63 64
63 99
64 99
65 66
65 99
66 67
66 99
67 99
68 69
68 99
69 70
69 99
70 99
71 72
71 99
72 73
72 99
73 99
74 75
74 99
75 76
75 99
76 99
77 78
77 99
78 79
78 99
79 99
80 81
80 99
81 82
81 99
82 99
83 84
83 99
84 85
84 99
85 99
86 87
86 99
87 88
87 99
88 99
89 90
89 99
90 91
90 99
91 99
92 93
92 99
93 94
93 99
94 99
95 96
95 99
96 97
96 99
97 99
98 99